filename = data/galaxy_5000
dt = 0.0015
n_cells_per_dir = (20, 20, 1)
n_steps = 50
snapshot_interval = 10
total_time_s = 5.529145002365112
avg_step_s = 0.11058290004730224
total_compute_time_s_max = 4.863153
total_comm_time_s_max = 0.9241250000000054
avg_compute_time_per_step_s_max = 0.09726306
avg_comm_time_per_step_s_max = 0.01848250000000011
