filename = data/galaxy_10000
dt = 0.0015
n_cells_per_dir = (20, 20, 1)
n_steps = 50
snapshot_interval = 10
total_time_s = 47.846441984176636
avg_update_s = 0.9568959712982178
