filename = data/galaxy_1000
dt = 0.001
n_cells_per_dir = (20, 20, 1)
n_steps = 50
snapshot_interval = 10
total_time_s = 2.2698028087615967
avg_update_s = 0.04536444187164307
