filename = data/galaxy_1000
dt = 0.001
n_cells_per_dir = (20, 20, 1)
n_steps = 50
snapshot_interval = 10
total_time_s = 5.403479099273682
avg_update_s = 0.10803585529327392
