filename = data/galaxy_1000
dt = 0.001
n_cells_per_dir = (20, 20, 1)
n_steps = 50
snapshot_interval = 10
total_time_s = 7.4763712882995605
avg_update_s = 0.14949274063110352
