filename = data/galaxy_5000
dt = 0.0015
n_cells_per_dir = (20, 20, 1)
n_steps = 50
snapshot_interval = 10
total_time_s = 34.32355570793152
avg_update_s = 0.6863771057128907
