filename = data/galaxy_1000
dt = 0.001
n_cells_per_dir = (20, 20, 1)
n_steps = 50
snapshot_interval = 10
total_time_s = 2.490631103515625
avg_step_s = 0.0498126220703125
total_compute_time_s_max = 2.478594000000004
total_comm_time_s_max = 0.016395999999999855
avg_compute_time_per_step_s_max = 0.04957188000000008
avg_comm_time_per_step_s_max = 0.0003279199999999971
