filename = data/galaxy_20000
dt = 0.0015
n_cells_per_dir = (20, 20, 1)
n_steps = 50
snapshot_interval = 10
total_time_s = 71.54131007194519
avg_update_s = 1.4307825899124145
