filename = data/galaxy_1000
dt = 0.001
n_cells_per_dir = (20, 20, 1)
n_steps = 50
snapshot_interval = 10
total_time_s = 4.121123313903809
avg_step_s = 0.08242246627807617
total_compute_time_s_max = 4.036969999999996
total_comm_time_s_max = 0.33282700000000576
avg_compute_time_per_step_s_max = 0.08073939999999992
avg_comm_time_per_step_s_max = 0.006656540000000115
