filename = data/galaxy_10000
dt = 0.0015
n_cells_per_dir = (20, 20, 1)
n_steps = 50
snapshot_interval = 10
total_time_s = 21.826168060302734
avg_update_s = 0.43649169921875
