filename = data/galaxy_20000
dt = 0.0015
n_cells_per_dir = (20, 20, 1)
n_steps = 50
snapshot_interval = 10
total_time_s = 61.36515784263611
avg_update_s = 1.2272629737854004
